CACHE type 5 produced by analog 6.0/Unix. Do not modify or delete!
T	0	0	269464	78657	0	8944	2213416122
D	23799382	23859041
16527	100	58	58	24070
16527	101	58	58	0
16527	126	58	58	24070
16529	37	58	58	24070
16531	52	58	58	24070
16531	144	58	58	24070
16533	196	116	58	107590
16533	197	58	0	8990
16533	198	406	58	107474
16533	199	406	58	72384
16533	200	1624	0	122148
16533	201	522	0	51736
16533	202	3190	870	41419714
16533	203	58	0	5684
16533	210	116	0	12064
16533	211	812	0	84448
16533	212	58	0	6032
16533	213	870	58	186006
16533	214	406	0	42224
16533	215	174	0	18096
16533	216	290	0	30160
16533	217	58	0	6032
16533	218	116	0	12064
16533	219	116	0	12064
16533	250	174	0	18096
16533	252	58	0	6032
16533	266	174	0	18096
16533	268	754	174	779404
16533	269	1102	0	569154
16533	270	696	0	541894
16533	276	174	0	519680
16533	277	174	0	13630
16533	278	174	0	3886
16533	279	696	0	22330
16533	280	522	0	1064358
16533	281	1334	0	1187550
16533	283	406	0	14964
16533	285	464	0	1051598
16533	286	638	0	554248
16534	3	58	0	4060
16534	14	696	0	558134
16534	15	232	0	10324
16534	16	232	0	533252
16534	114	580	0	47386
16534	126	522	0	562484
16534	127	464	0	1583748
16534	160	232	0	11948
16534	201	348	0	9280
16534	204	232	0	13630
16534	219	406	0	1587692
16534	233	174	0	13630
16534	287	696	0	1596682
16535	108	174	0	37120
16535	118	348	0	16298
16535	125	58	0	5684
16535	126	116	58	101848
16535	192	232	0	41180
16535	258	4234	2030	42499790
16535	278	232	0	4930
16535	279	4292	1914	41063304
16535	280	19256	3132	188417060
16535	281	6670	1218	62629908
16536	132	5626	3306	1611878
16536	135	290	0	1057746
16536	136	174	0	6902
16536	138	348	0	27608
16536	165	3828	1798	5684
16536	167	58	0	60241932
16536	168	58	0	45332626
16536	205	4002	1798	42141176
16536	212	6960	3712	248240
16536	231	58	58	135314
16536	233	1566	0	30954020
16536	235	348	348	0
16536	263	58	0	16878
16536	264	58	0	14616
16536	267	58	0	12644
16536	270	58	0	10092
16536	276	58	0	39440
16536	280	58	0	15138
16537	138	174	0	4640
16539	155	4698	1798	42685912
16539	156	232	0	8700
16539	157	464	0	18908
16539	161	290	0	27840
16539	211	522	174	518868
16539	212	1624	1624	1107336
16540	227	3480	1508	833634
16540	228	464	290	642872
16541	131	4408	1798	1084832
16541	135	58	0	290
16542	167	1566	58	31298424
16542	208	58	0	0
16542	210	58	0	24592
16542	211	116	0	55564
16542	212	116	0	48604
16542	213	58	0	59044
16542	215	58	0	10614
16542	226	58	0	9686
16542	229	58	0	20648
16542	238	58	0	10092
16542	253	58	0	331876
16542	287	58	0	8526
16543	85	406	348	9601436
16543	96	58	58	135314
16544	154	812	0	57246
16544	279	116	0	11368
16545	145	58	0	45332626
16546	214	5974	3538	53141398
16546	215	406	0	31668
16546	216	2320	348	0
16547	37	1995	1026	21657720
16547	38	171	171	136173
16547	67	57	0	9918
16547	69	57	0	38760
16547	72	114	0	47994
16547	76	57	0	13737
16547	80	171	0	9114585
16547	98	57	0	69711
16547	99	57	0	73701
16547	116	56	0	15736
16547	122	56	0	17640
16547	149	4180	1705	39972460
16547	157	54	0	13608
16547	161	378	0	27918
16547	162	270	0	12474
16547	163	432	0	21060
16547	166	378	0	28512
16547	167	324	0	19116
16547	173	54	0	270
16548	111	2915	1166	29385055
16548	233	4108	3224	19849804
16548	235	51	0	4998
16548	242	5559	408	91121751
16548	243	11067	1326	72493746
16549	12	50	50	116650
16549	21	1225	0	25853527
16549	63	48	0	17136
16549	67	48	0	278640
16550	103	3055	1457	34142727
16550	104	13066	4700	121424641
16550	105	7050	2867	60975685
16550	106	94	0	470
16551	154	3634	1426	33729362
16552	267	45	45	133695
16552	268	1080	720	7840350
16553	10	220	0	41580
16553	11	88	0	36256
16553	12	88	0	14212
16553	14	44	0	23892
16553	15	44	0	0
16553	16	88	0	379456
16553	17	44	0	9592
16553	18	88	0	53548
16553	157	3612	1333	31924920
16554	205	42	42	124782
16554	228	42	42	124782
16554	229	1008	462	7258188
16554	263	41	0	325704
16554	266	41	0	10332
16554	272	41	0	8938
16555	65	1160	360	7241680
16555	90	40	0	8720
16555	93	200	0	64560
16555	119	39	0	25818
16555	123	39	0	2223
16558	170	3344	1216	47402112
16558	173	1938	266	20954454
16558	174	4484	760	54481930
16558	175	38	0	4142
16558	183	1710	38	20699018
16558	184	1178	1140	7153044
16559	121	2849	1184	27132914
16559	134	185	0	5254
16560	125	540	396	6449652
16560	131	2772	1116	26388684
16560	132	2772	1116	26386344
16560	133	2772	1116	26388684
16560	134	36	0	2520
16560	137	36	0	2520
16560	138	36	0	2520
16560	144	180	0	27900
16560	146	72	0	13860
16560	159	35	0	7630
16560	163	2660	1085	25653215
16560	165	70	70	28210
16560	167	35	0	175
16560	207	3672	2108	13412592
16560	209	34	0	5594632
16560	210	68	68	25364
16560	219	136	0	5614624
16560	255	99	99	0
16560	260	66	0	123453
16560	261	33	0	65703
16560	283	32	0	63712
16561	129	465	0	83173
16561	132	31	0	155
16561	157	60	0	119460
16561	217	290	174	9803450
16561	261	28	0	55748
16561	282	81	0	21492
16562	83	2002	806	19108440
16562	85	26	26	77246
16562	133	50	0	9625
16562	158	168	0	23232
16562	174	216	0	980472
16562	175	24	0	47784
16562	240	460	184	182689
16562	241	46	0	4623
16562	242	115	0	16514
16562	243	69	46	13087
16562	244	1334	322	140944
16562	260	69	0	49680
16563	88	2310	814	16375106
16563	91	22	0	110
16563	106	22	0	110
16563	112	1452	484	12347874
16563	139	105	0	8715
16563	140	42	0	210
16563	239	20	0	39820
16563	240	80	0	12940
16563	241	20	0	100
16563	247	1960	1280	7096580
16563	249	60	0	37920
16563	251	60	0	3370600
16563	252	60	0	113620
16563	253	80	0	166380
16563	259	20	0	46440
16563	261	20	0	9220
16563	262	38	0	52896
16563	263	38	0	17556
16563	275	95	0	780634
16564	98	36	0	22752
16564	138	119	0	85731
16564	164	32	0	10192
16564	229	165	0	324780
16564	260	1395	570	285615
16564	262	90	15	2432250
16565	111	112	28	283248
16565	112	546	14	7589820
16565	113	532	420	2680944
16565	129	65	0	2730
16565	166	96	60	0
16565	169	1428	264	19485792
16565	171	36	24	0
16566	172	1518	484	14263557
16566	173	2310	286	24269718
16566	174	1804	253	20001047
16566	175	1782	231	18191657
16566	176	4092	484	42451596
16566	177	4081	451	42464323
16566	178	4730	517	54349229
16566	179	1760	209	18264191
16566	180	2332	275	24340206
16566	184	4037	429	48387504
16566	185	2607	330	24525611
16566	186	2332	264	24479279
16566	187	1760	209	18349386
16566	188	605	77	7947544
16566	189	11	0	5082
16566	190	66	33	5082
16566	213	60	0	235660
16566	215	130	30	10820
16566	238	423	9	4914144
16566	265	80	40	7392
16566	270	632	248	5907336
16566	271	120	0	210480
16567	92	553	217	5168919
16567	198	72	12	50394
16567	207	720	414	3323136
16567	208	114	12	1016412
16567	209	150	12	620430
16567	210	144	42	47262
16567	211	54	54	18834
16567	214	12	6	2772
16567	216	462	174	3368106
16567	267	395	155	3692085
16567	282	5	0	2310
16568	0	15	10	17710
16568	5	20	5	11740
16568	100	32	16	1848
16568	102	212	24	2224152
16568	105	12	0	840
16568	114	4	0	9288
16568	129	237	93	1728573
16568	134	6	0	495030
16568	137	171	21	1672782
16568	139	3	0	1386
16568	140	6	0	2772
16568	141	237	93	64101
16568	142	69	3	1612314
16568	143	18	3	6045
16568	144	6	0	2418
16568	147	6	0	207
16568	148	15	0	111
16568	149	18	0	1818
16568	150	174	21	75486
16568	151	12	0	3486
16568	152	168	21	4809
16568	153	15	0	3159
16568	156	18	0	5391
16568	157	3	0	1896
16568	188	4	0	1046
16568	199	21	4	180973
16568	200	7	0	1067
16568	201	7	0	1267
16568	217	7	4	6768
16568	219	9	0	331812
16568	220	5	0	1281
16568	221	27	5	4413
16568	222	6	0	40912
16568	223	20	0	24686
16568	224	11	0	7113
1	32	0	0	0	23859041	0	0	23858669	0	0	14752	/horario2.php?dni=12345678A
1	57	0	0	0	23857532	0	0	23850583	0	0	35967	/fotos_profesores.php?grupo=123
1	12	0	0	0	23857528	0	0	23857528	0	0	0	/eliminar_coment.php?clave=425
1	9	0	0	0	23858637	0	0	23858636	0	0	3627	/horario2.php?dni=12345
1	3834	0	0	116	23858684	0	23808531	23808532	0	23808531	872127	/js/motivo_controller.js
1	3762	0	0	116	23858684	0	23808531	23808532	0	23808531	166725	/js/faltas_controller.js
1	26	0	0	0	23854248	0	0	23854248	0	0	0	/insertar_coment.php?nia=&coment=Gdhg&contenido=&documento=1234
1	3	0	0	0	23858677	0	0	23858677	0	0	21	/logearse.php?dni=1234&clave=undefined
1	3817	3817	0	0	23858684	0	0	23808532	0	0	1382004	/templates/fecha.html
1	1929	1929	0	0	23858627	0	0	23811692	0	0	600152	/templates/grupos_profesores.html
1	174	0	0	0	23808521	0	0	23808512	0	0	2030	/asignaturas_por_profe_y_grupo.php
1	2131	2131	0	0	23858627	0	0	23808532	0	0	618075	/templates/comentario_grupo.html
1	3193	3193	0	0	23857945	0	0	23808532	0	0	2938897	/templates/notasp_insertar.html
1	1862	1862	0	0	23858627	0	0	23811692	0	0	932986	/templates/fotos_profesores.html
1	1796	0	0	0	23858684	0	0	23832523	0	0	256727	/js/reserva_horah_controller.js
1	0	0	0	40	0	0	23851977	0	0	23851977	0	/horario.php
1	737	737	0	0	23859007	0	0	23855904	0	0	1357169	/templates/horario_menu.html
1	116	0	0	0	23808521	0	0	23808512	0	0	580	/anadir_notasp.php
1	1	0	0	0	23859029	0	0	23859029	0	0	7	/logearse.php?dni=12345678a&clave=hola1234
1	47	47	0	0	23799382	0	0	23799382	0	0	19505	/?66.249.65.45
1	2057	2057	0	0	23858627	0	0	23811692	0	0	726642	/templates/notasp_ver_alumnos.html
1	58	0	0	0	23812675	0	0	23812675	0	0	60241932	/htdocs.zip
1	2837	2837	0	0	23858684	0	0	23808532	0	0	654775	/templates/trabajo.html
1	3845	0	0	116	23858684	0	23808531	23808532	0	23808531	1253768	/js/seleccion_asignaturas_controller.js
1	68	68	0	0	23851162	0	0	23850500	0	0	80852	/templates/reserva_horad.html
1	290	0	0	0	23812518	0	0	23808924	0	0	0	/eliminar_coment.php?clave=undefined
1	5	5	0	0	23799382	0	0	23799382	0	0	2075	/?66.249.64.184
1	116	0	0	0	23808521	0	0	23808519	0	0	48836	/comentarios_pdf.php
1	1891	0	0	0	23859036	0	0	23808864	0	0	18886585	/ver_comentarios.php?nia=
1	3777	0	0	116	23858684	0	23808531	23808532	0	23808531	817320	/js/grupos_listado_controller.js
1	3838	0	0	116	23858684	0	23808531	23808532	0	23808531	441147	/js/horad_controller.js
1	275	0	0	0	23837106	0	0	23808868	0	0	1375	/comentarios_por_grupo.php?grupo=
1	2109	2109	0	0	23858627	0	0	23811692	0	0	1084774	/templates/ed_seleccion_grupo_coment.html
1	31	0	0	0	23848488	0	0	23848488	0	0	155	/comentarios_por_grupo.php?grupo=ASIR
1	58	0	0	0	23808519	0	0	23808519	0	0	0	/veraulmncoment.php
1	58	0	0	0	23808915	0	0	23808915	0	0	290	/anadir_notasp.php?nia=&codnota=58&fecha=45&coment=undefined&tipo=undefined
1	2497	2497	0	0	23858627	0	0	23811692	0	0	2292409	/templates/alumnos_por_grupo.html
1	2180	2180	0	0	23858627	0	0	23808532	0	0	877516	/templates/verfaltas.html
1	1796	0	0	0	23858684	0	0	23832523	0	0	1741953	/js/reserva_formulario_controller.js
1	2026	2026	0	0	23858627	0	0	23811692	0	0	434676	/templates/notasp_ver_grupos.html
1	0	0	0	11	0	0	23855913	0	0	23855913	0	/horario2
1	3844	0	0	116	23858684	0	23808531	23808532	0	23808531	3822108	/js/notasp_insertar_controller.js
1	303	0	0	0	23859036	0	0	23847124	0	0	51195	/ver_alumnos.php?grupo=DAM
1	58	0	0	0	23808522	0	0	23808522	0	0	0	/eliminar_coment.php
1	2070	2070	0	0	23858627	0	0	23808532	0	0	555104	/templates/faltas.html
1	8	0	0	0	23856399	0	0	23856399	0	0	40	/comentarios_por_grupo.php?grupo=1%C2%BAA
1	3	0	0	0	23858669	0	0	23858669	0	0	21	/logearse.php?dni=12345678A&clave=hola1235
1	754	0	0	0	23819698	0	0	23808865	0	0	36714	/fotos_profesores.php?grupo=
1	3906	0	0	116	23858684	0	23808531	23808532	0	23808531	773388	/js/fecha_controller.js
1	30	0	0	0	23853307	0	0	23853306	0	0	150	/ver_alumnos.php?grupo=2%C2%BAB
1	1935	0	0	0	23859040	0	0	23808575	0	0	218345	/verfaltas.php
1	0	0	0	323	0	0	23859038	0	0	23816936	0	/$foto
1	1	0	0	0	23859026	0	0	23859026	0	0	7	/logearse.php?dni=jahajsvs&clave=hola123
1	3907	0	0	116	23858684	0	23808531	23808532	0	23808531	669260	/js/trabajo_controller.js
1	37	0	0	0	23859041	0	0	23858659	0	0	2294	/logearse.php?dni=12345678A&clave=hola123
1	3869	3869	0	0	23858684	0	0	23808532	0	0	8573265	/templates/motivo.html
1	84	84	0	55	23854459	0	23855983	23854445	0	23855903	6780	/templates/horario.html
1	3780	0	0	116	23858684	0	23808531	23808532	0	23808531	491481	/js/verfaltas_controller.js
1	1841	0	0	0	23858684	0	0	23832523	0	0	104312	/js/reservas_controller.js
1	4077	0	0	116	23858684	0	23808531	23808532	0	23808531	900256	/js/fotos_profesores_controller.js
1	3	0	0	0	23858658	0	0	23858658	0	0	21	/logearse.php?dni=12345678A&clave_prof=hola123
1	2015	2015	0	0	23858627	0	0	23811692	0	0	813351	/templates/eliminar_comentario.html
1	535	0	0	0	23859038	0	0	23808521	0	0	63899	/lista_profesores.php
1	3960	0	0	116	23858684	0	23808531	23808532	0	23808531	1637376	/js/enviar_comentario_controller.js
1	2357	2357	0	0	23859029	0	0	23811692	0	0	2152470	/templates/comentario_menu.html
1	0	0	0	35	0	0	23847210	0	0	23847210	0	/mas/mio
1	1761	0	0	0	23859038	0	0	23808512	0	0	161660	/ED_listado_grupos.php
1	3837	0	0	116	23858684	0	23808531	23808532	0	23808531	723000	/js/selecprof_controller.js
1	94	94	0	0	23857537	0	0	23832528	0	0	40702	/templates/reservas_listar.html
1	344	0	0	0	23828495	0	0	23808928	0	0	1720	/anadir_notasp.php?nia=&codnota=undefined&fecha=undefined&coment=undefined&tipo=undefined
1	2006	2006	0	0	23858627	0	0	23811692	0	0	675360	/templates/enviar_comentario.html
1	3763	0	0	116	23858684	0	23808531	23808532	0	23808531	535458	/js/horah_controller.js
1	2790	0	0	0	23857528	0	0	23808864	0	0	13950	/ver_alumnos.php?grupo=
1	1796	0	0	0	23858684	0	0	23832523	0	0	354938	/js/reservas_quitar_controller.js
1	188	188	0	0	23859029	0	0	23853460	0	0	136651	/templates/login.html
1	58	0	0	0	23808504	0	0	23808504	0	0	6032	/ver_alumnos.php
1	174	0	0	0	23809034	0	0	23808519	0	0	34974	/borrarfaltas.php
1	3207	3207	0	0	23857534	0	0	23808532	0	0	2297904	/templates/resumen.html
1	1796	0	0	0	23858684	0	0	23832523	0	0	632341	/js/reserva_aula_controller.js
1	58	0	0	0	23809982	0	0	23809982	0	0	0	/insertar_coment.php?nia=&coment=undefined&contenido=&documento=1234
1	58	0	0	0	23808522	0	0	23808522	0	0	0	/insertar_coment.php
1	1796	0	0	0	23858684	0	0	23832523	0	0	787411	/js/reservas_curso_controller.js
1	4045	0	0	58	23858684	0	23808531	23808532	0	23808531	572076	/js/comentario_menu_controller.js
1	1255	0	0	0	23859041	0	0	23808575	0	0	150499	/listadocentes.php
1	3820	0	0	116	23858684	0	23808531	23808532	0	23808531	975441	/js/comentario_grupo_controller.js
1	2131	2131	0	0	23858627	0	0	23808532	0	0	1616375	/templates/horad.html
1	1	1	0	0	23799382	0	0	23799382	0	0	415	/?95.17.61.126
1	290	0	0	0	23824132	0	0	23808910	0	0	0	/insertar_coment.php?nia=&coment=Hola&contenido=&documento=1234
1	824	0	0	0	23858448	0	0	23837105	0	0	4120	/grupo_profesores.php?documento=12345
1	68	68	0	0	23851162	0	0	23850500	0	0	73576	/templates/reserva_horah.html
1	1920	1920	0	0	23858627	0	0	23811692	0	0	957808	/templates/todos_alumnos.html
1	116	0	0	0	23809034	0	0	23808522	0	0	580	/fotos_profesores.php
1	116	116	0	0	23808860	0	0	23808519	0	0	48140	/MAS/
1	1243	0	0	0	23859038	0	0	23808577	0	0	17699	/todos_alumnos.php?documento=
1	116	0	0	0	23808866	0	0	23808519	0	0	580	/comentarios_por_grupo.php
1	2209	2209	0	0	23859029	0	0	23811692	0	0	3147704	/templates/menu_listado_alumnos_profesores.html
1	105	0	0	0	23857530	0	0	23848487	0	0	14982	/ver_alumnos.php?grupo=ASIR
1	74	0	0	0	23845634	0	0	23845634	0	0	0	/insertar_coment.php?nia=&coment=holaaaaa&contenido=&documento=1234
1	116	0	0	0	23808512	0	0	23808506	0	0	12296	/faltas.php
1	2808	2808	0	0	23859029	0	0	23808532	0	0	3566616	/templates/menu_principal.html
1	3778	0	0	116	23858684	0	23808531	23808532	0	23808531	826421	/js/lista_profesores_controller.js
1	0	0	0	40	0	0	23851977	0	0	23851977	0	/horarios%C3%A7.php
1	735	0	0	22	23858643	0	23855940	23852031	0	23855914	338862	/horario2.php
1	3942	0	0	58	23858684	0	23808531	23808532	0	23808531	1090278	/js/seleccion_grupo_controller.js
1	3886	0	0	116	23858684	0	23808531	23808532	0	23808531	3051964	/js/eliminar_comentario_controller.js
1	58	0	0	0	23808520	0	0	23808520	0	0	290	/grupo_profesores.php
1	40	0	0	0	23859041	0	0	23858661	0	0	286	/logearse.php?dni=undefined&clave=undefined
1	2	0	0	0	23859038	0	0	23859038	0	0	10	/ed_alumnos_grupo.php?grupo=123
1	3	0	0	0	23858916	0	0	23858916	0	0	21	/logearse.php?dni=123456789A&clave=holahola
1	1796	0	0	0	23858684	0	0	23832523	0	0	325647	/js/reservas_listar_controller.js
1	1923	1923	0	0	23858627	0	0	23811692	0	0	751825	/templates/seleccion_grupo.html
1	4	4	0	0	23799382	0	0	23799382	0	0	1660	/?66.249.65.163
1	1672	0	0	0	23859036	0	0	23808512	0	0	135435	/asignaturas_por_profe_y_grupo.php?grupo=123&documento=1234
1	116	0	0	0	23825528	0	0	23812683	0	0	90665252	/AppIESSanVicenteV-1.apk
1	3866	0	0	116	23858684	0	23808531	23808532	0	23808531	938070	/js/ed_seleccion_grupo_coment_controller.js
1	0	0	0	3099	0	0	23859015	0	0	23808503	0	/favicon.ico
1	0	0	0	1106	0	0	23858630	0	0	23799511	0	/robots.txt
1	1841	0	0	0	23858684	0	0	23832523	0	0	960024	/js/reserva_grupo_controller.js
1	1914	1914	0	0	23858627	0	0	23811692	0	0	615434	/templates/lista_profesores.html
1	273	273	0	0	23857554	0	0	23832524	0	0	88774	/templates/reservas.html
1	174	0	0	0	23808861	0	0	23808519	0	0	6612	/ed_alumnos_grupo.php
1	0	0	0	40	0	0	23851977	0	0	23851977	0	/horario.php+
1	727	0	0	0	23859029	0	0	23855911	0	0	158126	/js/horario_menu_controller.js
1	3898	0	0	58	23858684	0	23808531	23808532	0	23808531	1023400	/js/seleccion_alumno_controller.js
1	87	87	0	0	23857537	0	0	23832524	0	0	43152	/templates/reservas_quitar.html
1	3903	0	0	116	23858684	0	23808531	23808532	0	23808531	919575	/js/todos_alumnos_controller.js
1	4002	0	0	58	23858684	0	23808531	23808532	0	23808531	1102900021	/lib/js/ionic.bundle.min.js
1	22	0	0	0	23851161	0	0	23851161	0	0	3916	/ed_alumnos_grupo.php?grupo=0123456
1	0	0	0	241	0	0	23855907	0	0	23854445	0	/js/horario_controller.js
1	89	0	0	0	23849250	0	0	23848487	0	0	29637	/ver_comentarios.php?nia=8732
1	615	0	0	0	23858567	0	0	23847701	0	0	1202398	/horarios.php
1	3932	0	0	116	23858684	0	23808531	23808532	0	23808531	2104600	/js/borrarfaltas_controller.js
1	51	0	0	0	23830338	0	0	23830338	0	0	255	/grupo_profesores.php?documento=333
1	0	0	0	24	0	0	23850156	0	0	23850156	0	/horarios.pho
1	68	68	0	0	23851162	0	0	23850500	0	0	25908	/templates/reserva_aula.html
1	2	0	0	0	23859022	0	0	23859022	0	0	10	/ver_alumnos.php?grupo=1%C2%BAB
1	2006	2006	0	0	23858627	0	0	23811692	0	0	1188312	/templates/seleccion_asignaturas.html
1	88	0	0	0	23859026	0	0	23852854	0	0	440	/ver_alumnos.php?grupo=1%C2%BAA
1	2475	0	0	0	23857530	0	0	23808522	0	0	224668	/ed_grupos.php
1	2285	0	0	0	23859015	0	0	23808532	0	0	282199820	/lib/fonts/ionicons.ttf?v=1.5.2
1	4593	0	0	58	23859040	0	23811030	23808522	0	23811030	608768	/ver_grupos.php
1	2035	2035	0	0	23858627	0	0	23811692	0	0	456723	/templates/ver_comentario.html
1	4	0	0	0	23858916	0	0	23858638	0	0	1612	/horario2.php?dni=undefined
1	174	0	0	0	23808915	0	0	23808915	0	0	870	/anadir_notasp.php?nia=&codnota=undefined&fecha=45hfdtu&coment=undefined&tipo=undefined
1	916	0	0	0	23859029	0	0	23853460	0	0	553286	/js/login_controller.js
1	1764	0	0	0	23858684	0	0	23832523	0	0	191083	/js/reservas_fecha_controller.js
1	3944	0	0	116	23858684	0	23808531	23808532	0	23808531	1087936	/js/ver_comentario_controller.js
1	6	0	0	0	23858666	0	0	23858660	0	0	42	/logearse.php?dni=123456789A&clave=hola123
1	3703	0	0	58	23858684	0	23808531	23808532	0	23808531	497029	/js/menu_principal_controller.js
1	58	0	0	0	23808915	0	0	23808915	0	0	290	/anadir_notasp.php?nia=&codnota=58&fecha=45hfdtu&coment=undefined&tipo=undefined
1	0	0	0	19	0	0	23852031	0	0	23852031	0	/horarios2.php
1	3944	0	0	116	23858684	0	23808531	23808532	0	23808531	559248	/js/notasp_ver_grupos_controller.js
1	0	0	0	35	0	0	23847210	0	0	23847210	0	/mas
1	3923	0	0	116	23858684	0	23808531	23808532	0	23808531	792135	/js/notasp_ver_alumnos_controller.js
1	6586	6586	0	0	23859029	0	0	23799382	0	0	11744792	/
1	2180	2180	0	0	23858627	0	0	23808532	0	0	549956	/templates/selecprof.html
1	2785	2785	0	0	23858684	0	0	23808532	0	0	2615467	/templates/horah.html
1	127	127	0	0	23857536	0	0	23832524	0	0	49852	/templates/reservas_fecha.html
1	9	0	0	0	23859036	0	0	23858925	0	0	2511	/grupo_profesores.php?documento=12345678A
1	2058	2058	0	0	23858627	0	0	23811692	0	0	2275860	/templates/seleccion_alumno.html
1	22	0	0	0	23851161	0	0	23851161	0	0	1892	/ed_alumnos_grupo.php?grupo=12345
1	1254	0	0	0	23859030	0	0	23808909	0	0	77694	/ver_alumnos.php?grupo=123
1	1841	0	0	0	23858684	0	0	23832523	0	0	325312	/js/reserva_horad_controller.js
1	6187	0	0	0	23859038	0	0	23808520	0	0	647679	/grupo_profesores.php?documento=1234
1	1577	0	0	0	23844393	0	0	23811799	0	0	7885	/ed_alumnos_grupo.php?grupo=
1	1428	0	0	0	23851162	0	0	23812903	0	0	62832	/fotografias_alumnos.php?num=undefined
1	1763	0	0	0	23858684	0	0	23832523	0	0	1118780	/js/reservas_asignaturas_controller.js
1	1	0	0	0	23859029	0	0	23859029	0	0	7	/logearse.php?dni=12345678acjdbfoebfi&clave=hola1234
1	1	0	0	0	23859038	0	0	23859038	0	0	5	/todos_alumnos.php?documento=12345678B
1	4351	0	0	0	23858684	0	0	23808531	0	0	528828728	/lib/css/ionic.min.css
1	3763	0	0	116	23858684	0	23808531	23808532	0	23808531	1945790	/js/resumen_controller.js
1	1946	1946	0	0	23858627	0	0	23811692	0	0	517132	/templates/grupos_listado.html
1	4204	0	0	58	23859029	0	23808531	23808532	0	23808531	22771092	/js/app.js
1	3	0	0	0	23858917	0	0	23858916	0	0	21	/logearse.php?dni=&clave=
1	464	0	0	0	23811364	0	0	23808926	0	0	184788	/listar_notasp.php?nia=
1	4063	0	0	116	23858684	0	23808531	23808532	0	23808531	3530930	/js/alumnos_por_grupo_controller.js
1	2027	2027	0	0	23858627	0	0	23808532	0	0	915498	/templates/borrarfaltas.html
1	0	0	0	58	0	0	23812675	0	0	23812675	0	/htdoc.zip
1	0	0	0	374	0	0	23857920	0	0	23830332	0	/lib/js/angular-sanitize.min.js.map
1	3779	0	0	116	23858684	0	23808531	23808532	0	23808531	909078	/js/grupos_profesores_controller.js
1	3998	0	0	116	23858684	0	23808531	23808532	0	23808531	541140	/js/menu_listado_alumnos_profesores_controller.js
3	0	0	0	198	0	0	23858567	0	0	23848928	0	http://luis.iessv.es/horarios.php
3	3470	1237	0	0	23858630	0	0	23821316	0	0	12974443	http://www.luis.iessv.es/
3	0	0	0	3	0	0	23858658	0	0	23858658	0	http://luis.iessv.es/logearse.php?dni=12345678A&clave_prof=hola123
3	216756	61810	0	5248	23859041	0	23859038	23808504	0	23808531	1611067120	http://luis.iessv.es/
3	232	0	0	0	23808524	0	0	23808521	0	0	16240	http://localhost/
3	9	0	0	0	23858667	0	0	23858666	0	0	228	http://localhost:8383/profesores/
3	0	0	0	35	0	0	23847210	0	0	23847210	0	http://luis.iessv.es/mas/mio
3	3480	1566	0	0	23812501	0	0	23812501	0	0	1357432	http://luis.iessv.es/index.html
3	1916	0	0	0	23859015	0	0	23808532	0	0	248302932	http://luis.iessv.es/lib/css/ionic.min.css
3	1508	0	0	0	23808537	0	0	23808512	0	0	132646	http://localhost/index.html
3	51	0	0	0	23858669	0	0	23858607	0	0	13977	http://localhost:8383/profesores/index.html
4	508	129	0	45	23859041	0	23859038	23848928	0	23848928	6763300	Mozilla/5.0 (Windows NT 6.3) AppleWebKit/537.36 (KHTML, like Gecko) Chrome/42.0.2311.135 Safari/537.36
4	17574	58	0	58	23824755	0	23811030	23808574	0	23811030	14824510	Mozilla/5.0 (Linux; Android 5.0.2; XT1032 Build/LXB22.46-28.1) AppleWebKit/537.36 (KHTML, like Gecko) Version/4.0 Chrome/40.0.0.0 Mobile Safari/537.36
4	6882	2412	0	172	23859029	0	23859015	23844438	0	23844440	54756675	Mozilla/5.0 (Windows NT 6.3; WOW64) AppleWebKit/537.36 (KHTML, like Gecko) Chrome/42.0.2311.135 Safari/537.36
4	639	135	0	9	23858684	0	23858671	23858607	0	23858627	158427	Mozilla/5.0 (Macintosh; Intel Mac OS X 10_10_3) AppleWebKit/537.36 (KHTML, like Gecko) Chrome/42.0.2311.135 Safari/537.36
4	51562	15428	0	638	23812904	0	23812903	23808503	0	23808503	442468254	Mozilla/5.0 (Windows NT 6.1; WOW64) AppleWebKit/537.36 (KHTML, like Gecko) Chrome/41.0.2272.118 Safari/537.36
4	4425	1708	0	0	23851283	0	0	23808586	0	0	41834487	Mozilla/5.0 AppleWebKit/537.36 (KHTML, like Gecko; Google Web Preview Analytics) Chrome/27.0.1453 Safari/537.36 (compatible; Googlebot/2.1; +http://www.google.com/bot.html)
4	62229	14261	0	3931	23855977	0	23855940	23808524	0	23808531	637908449	Mozilla/5.0 (Windows NT 6.1; WOW64; rv:37.0) Gecko/20100101 Firefox/37.0
4	128	36	0	44	23856367	0	23856367	23854155	0	23854155	286944	Mozilla/5.0 (Linux; Android 4.4.4; en-us; Nexus 4 Build/JOP40D) AppleWebKit/537.36 (KHTML, like Gecko) Chrome/42.0.2307.2 Mobile Safari/537.36
4	1300	600	0	40	23851969	0	23851957	23851957	0	23851957	3316240	Mozilla/5.0 (X11; Ubuntu; Linux x86_64; rv:24.0) Gecko/20100101 Firefox/24.0
4	277	0	0	0	23858863	0	0	23850070	0	0	60491	Mozilla/5.0 (Linux; U; Android 4.1.2; en-ie; GT-N7000 Build/JZO54K) AppleWebKit/534.30 (KHTML, like Gecko) Version/4.0 Mobile Safari/534.30
4	3060	1116	0	144	23847124	0	23847088	23847065	0	23847065	26424144	Mozilla/5.0 (Macintosh; Intel Mac OS X 10.10; rv:37.0) Gecko/20100101 Firefox/37.0
4	6074	1705	0	219	23828549	0	23828493	23825528	0	23828427	85414436	Mozilla/5.0 (Windows NT 6.1; WOW64) AppleWebKit/537.36 (KHTML, like Gecko) Chrome/42.0.2311.90 Safari/537.36
4	16364	5591	0	1103	23857472	0	23857472	23799511	0	23799511	164035430	Mozilla/5.0 (compatible; Googlebot/2.1; +http://www.google.com/bot.html)
4	58	58	0	0	23799382	0	0	23799382	0	0	24070	Mozilla/5.0 (Windows NT 6.1; WOW64) AppleWebKit/537.36 (KHTML, like Gecko) Chrome/41.0.2272.101 Safari/537.36
4	58	58	0	0	23799387	0	0	23799387	0	0	0	SVN/1.6.6 (r40053) neon/0.29.0
4	140	128	0	6	23857537	0	23857532	23851957	0	23857532	1074234	BlueCoat ProxySG
4	2584	1054	0	68	23847437	0	23847437	23847437	0	23847437	6911486	Mozilla/5.0 (Windows NT 6.3; rv:37.0) Gecko/20100101 Firefox/37.0
4	15602	7772	0	580	23819717	0	23819717	23808860	0	23808860	44452360	Mozilla/5.0 (Linux; Android 5.0.2; XT1032 Build/LXB22.46-28.1) AppleWebKit/537.36 (KHTML, like Gecko) Chrome/41.0.2272.96 Mobile Safari/537.36
4	10	5	0	10	23857920	0	23857920	23857920	0	23857920	17710	Mozilla/5.0 (iPhone; CPU iPhone OS 7_0 like Mac OS X; en-us) AppleWebKit/537.51.1 (KHTML, like Gecko) Version/7.0 Mobile/11A465 Safari/9537.53
4	6627	5661	0	118	23859040	0	23859038	23827310	0	23830332	38195225	Mozilla/4.0 (compatible; MSIE 7.0; Windows NT 5.1; InfoPath.1; .NET CLR 2.0.50727; .NET CLR 1.1.4322; MS-RTC LM 8; .NET CLR 3.0.4506.2152; .NET CLR 3.5.30729)
4	80	0	0	0	23859041	0	0	23850489	0	0	13779	Mozilla/5.0 (Linux; Android 4.4.4; Aquaris E5 Build/KTU84P) AppleWebKit/537.36 (KHTML, like Gecko) Version/4.0 Chrome/33.0.0.0 Mobile Safari/537.36
4	18810	3243	0	358	23830338	0	23830336	23830285	0	23830285	173408760	Mozilla/5.0 (Windows NT 6.3) AppleWebKit/537.36 (KHTML, like Gecko) Chrome/42.0.2311.90 Safari/537.36
4	11228	3882	0	710	23857560	0	23857560	23845568	0	23845568	88148603	Mozilla/5.0 (Windows NT 6.1; WOW64) AppleWebKit/537.36 (KHTML, like Gecko) Chrome/42.0.2311.135 Safari/537.36
4	1465	0	0	0	23858708	0	0	23848487	0	0	2708343	Mozilla/5.0 (Linux; Android 5.0.2; XT1032 Build/LXB22.46-28.1; wv) AppleWebKit/537.36 (KHTML, like Gecko) Version/4.0 Chrome/42.0.2311.137 Mobile Safari/537.36
4	12296	3944	0	232	23827323	0	23827310	23816935	0	23816935	84904286	Mozilla/5.0 (Windows NT 6.3; WOW64) AppleWebKit/537.36 (KHTML, like Gecko) Chrome/41.0.2272.118 Safari/537.36
4	5544	2232	0	36	23847064	0	23847055	23847055	0	23847055	52775028	Mozilla/5.0 (Macintosh; Intel Mac OS X 10_10_3) AppleWebKit/537.36 (KHTML, like Gecko) Chrome/42.0.2311.90 Safari/537.36
4	94	0	0	0	23859029	0	0	23850497	0	0	54202	Mozilla/5.0 (Linux; Android 5.0; Moto G Build/LRX21V) AppleWebKit/537.36 (KHTML, like Gecko) Version/4.0 Chrome/37.0.0.0 Mobile Safari/537.36
4	258	0	0	0	23854248	0	0	23850490	0	0	16761	Mozilla/5.0 (Linux; Android 4.4.4; XT1032 Build/KXB21.14-L1.40) AppleWebKit/537.36 (KHTML, like Gecko) Version/4.0 Chrome/33.0.0.0 Mobile Safari/537.36
4	5994	2120	0	141	23856940	0	23856940	23849698	0	23849699	51629095	Mozilla/5.0 (Linux; Android 5.0.2; XT1032 Build/LXB22.46-28.1) AppleWebKit/537.36 (KHTML, like Gecko) Chrome/42.0.2311.111 Mobile Safari/537.36
4	317	317	0	0	23853460	0	0	23805361	0	0	688416	Mozilla/5.0 (iPhone; CPU iPhone OS 6_0 like Mac OS X) AppleWebKit/536.26 (KHTML, like Gecko) Version/6.0 Mobile/10A5376e Safari/8536.25 (compatible; Googlebot/2.1; +http://www.google.com/bot.html)
4	66	3	0	3	23858630	0	23858630	23858630	0	23858630	1611105	Wget/1.13.4 (linux-gnu)
4	161	0	0	0	23858703	0	0	23847131	0	0	33952	Mozilla/5.0 (Linux; Android 4.4.2; Android SDK built for x86 Build/KK) AppleWebKit/537.36 (KHTML, like Gecko) Version/4.0 Chrome/30.0.0.0 Mobile Safari/537.36
4	17050	5001	0	279	23844398	0	23844392	23834211	0	23834211	188496920	Mozilla/5.0 (Windows NT 6.3; WOW64) AppleWebKit/537.36 (KHTML, like Gecko) Chrome/42.0.2311.90 Safari/537.36
5	58	58	0	0	23799387	0	0	23799387	0	0	0	54.87.158.34
5	694	217	0	0	23829679	0	0	23822347	0	0	265338	66.249.78.119
5	9404	3483	0	189	23858703	0	23858671	23847055	0	23847055	79391551	77.225.75.81
5	12331	4356	0	563	23859041	0	23859038	23827310	0	23827310	75166830	195.57.19.96
5	6281	5349	0	118	23859040	0	23859038	23827310	0	23830332	37910413	199.19.249.196
5	8	5	0	0	23859029	0	0	23859029	0	0	0	47.60.224.194
5	11	0	0	0	23859041	0	0	23859025	0	0	2854	37.29.170.163
5	1393	699	0	53	23829679	0	23829679	23822347	0	23829679	18294996	66.249.78.112
5	1756	656	0	95	23836408	0	23836219	23822347	0	23830621	9036078	66.249.64.51
5	119	0	0	0	23852854	0	0	23852851	0	0	85731	194.183.97.10
5	712	143	0	0	23836411	0	0	23829679	0	0	7504454	66.249.64.49
5	520	80	0	0	23839667	0	0	23839526	0	0	579240	66.249.67.37
5	0	0	0	58	0	0	23808586	0	0	23808586	0	66.249.75.55
5	1214	180	0	0	23836414	0	0	23829679	0	0	18463530	66.249.64.47
5	752	434	0	58	23829679	0	23822346	23822346	0	23822346	20220629	66.249.78.105
5	486	440	0	6	23857537	0	23857532	23830285	0	23857532	1359046	199.91.135.140
5	400	160	0	0	23839527	0	0	23839526	0	0	189720	66.249.67.29
5	58	58	0	0	23808586	0	0	23808586	0	0	101558	66.249.75.47
5	536	235	0	0	23853472	0	0	23851282	0	0	330847	66.249.67.27
5	212	0	0	0	23854248	0	0	23851419	0	0	11655	79.147.225.144
5	986	0	0	0	23825528	0	0	23824132	0	0	45401240	95.17.61.126
5	520	276	0	42	23847028	0	23838904	23838904	0	23838904	7408540	66.249.67.23
5	561	162	0	82	23839797	0	23839526	23838785	0	23838785	6696600	66.249.67.21
5	0	0	0	58	0	0	23804901	0	0	23804901	0	66.249.64.33
5	58	58	0	0	23801945	0	0	23801945	0	0	24070	66.249.75.37
5	58	58	0	0	23804901	0	0	23804901	0	0	24070	66.249.64.29
5	558	270	0	36	23847027	0	23847026	23838907	0	23847026	6003948	66.249.67.15
5	588	125	0	0	23853472	0	0	23851282	0	0	11881895	66.249.67.14
5	5858	2030	0	174	23811693	0	23811691	23809761	0	23811691	44177150	79.145.44.21
5	39	0	0	0	23839817	0	0	23839817	0	0	2223	66.249.67.13
5	670	354	0	0	23847198	0	0	23838907	0	0	772738	66.249.67.7
5	284	114	0	0	23828292	0	0	23827869	0	0	260574	66.249.64.19
5	168	0	0	0	23828465	0	0	23827869	0	0	39372	66.249.64.17
5	115	0	0	0	23827868	0	0	23821548	0	0	76429	66.249.64.15
5	1219	138	0	0	23850502	0	0	23850489	0	0	10925	37.29.152.6
5	23	0	0	0	23850497	0	0	23850497	0	0	4508	81.60.45.82
5	0	0	0	58	0	0	23801945	0	0	23801945	0	66.249.75.21
5	5214	1646	0	89	23852097	0	23852031	23848487	0	23849699	36747566	95.17.135.181
5	433	154	0	37	23853472	0	23853460	23851282	0	23851282	2612712	66.249.67.1
5	696	58	0	58	23821542	0	23821316	23821316	0	23821316	21117162	66.249.65.49
5	464	0	0	0	23821318	0	0	23821316	0	0	753710	66.249.65.47
5	754	0	0	0	23821542	0	0	23821316	0	0	9556312	66.249.65.45
5	3944	1798	0	58	23818740	0	23818739	23818739	0	23818739	1476506	194.183.97.99
5	474	180	0	12	23857560	0	23857560	23857554	0	23857560	3370878	194.183.97.159
5	522	0	0	58	23813194	0	23799511	23813007	0	23799511	9463396	66.249.64.103
5	24	0	0	48	23850156	0	23850156	23850156	0	23850156	47784	194.183.97.94
5	68	0	0	0	23852982	0	0	23852652	0	0	32944	47.60.44.33
5	483	9	0	0	23856233	0	0	23856107	0	0	5149804	194.183.97.152
5	22	0	0	0	23851250	0	0	23851250	0	0	110	47.60.44.167
5	60	42	0	0	23857530	0	0	23857525	0	0	0	194.183.97.145
5	69	0	0	0	23850583	0	0	23850583	0	0	49680	84.120.74.180
5	348	348	0	58	23813018	0	23813018	23813018	0	23813018	0	194.183.97.81
5	23265	9024	0	141	23832531	0	23832519	23832518	0	23832519	216543523	93.115.90.117
5	1256	513	0	0	23828177	0	0	23821557	0	0	1005628	66.249.78.169
5	19	0	0	0	23858863	0	0	23858688	0	0	4205	31.4.212.16
5	18721	5858	0	477	23847816	0	23847677	23844371	0	23844371	203767336	95.17.142.205
5	687	286	0	172	23828040	0	23827868	23821626	0	23822400	20929588	66.249.78.162
5	216	0	0	0	23850151	0	0	23850151	0	0	980472	194.183.97.62
5	18810	3243	0	358	23830338	0	23830336	23830285	0	23830285	173408760	195.57.19.103
5	120	0	0	0	23851925	0	0	23851915	0	0	52860	194.183.97.59
5	754	116	0	58	23813243	0	23812998	23799511	0	23812998	283330	66.249.64.99
5	870	638	0	0	23817220	0	0	23817219	0	0	756784	66.249.65.171
5	168	0	0	0	23850070	0	0	23850070	0	0	23232	31.4.210.191
5	165	0	0	0	23853308	0	0	23853306	0	0	324780	194.183.97.3
5	856	342	0	58	23828264	0	23821548	23821614	0	23821548	9483492	66.249.78.155
5	638	638	0	58	23817220	0	23817219	23817219	0	23817219	443294	66.249.65.167
5	812	58	0	58	23813224	0	23805361	23812998	0	23805361	21499556	66.249.64.95
5	72848	18154	0	4350	23812904	0	23812903	23808503	0	23808503	496414286	95.17.102.82
5	66322	14880	0	1200	23858708	0	23858643	23799382	0	23816935	584941146	84.120.91.169
5	638	522	0	0	23817220	0	0	23817219	0	0	426126	66.249.65.163
5	36	12	0	0	23857472	0	0	23857472	0	0	36510	66.249.64.194
5	2	0	0	0	23859029	0	0	23859029	0	0	14	62.174.21.135
5	12	0	0	0	23857472	0	0	23857472	0	0	7170	66.249.64.189
5	24	0	0	6	23857472	0	23857472	23857472	0	23857472	6714	66.249.64.184
z	0	48130	16961	23859029	0
z	1	10263	0	23859041	51145
z	2	20264	0	23859041	1460317
z	3	149835	40434	23859041	56664867
z	4	32524	21262	23859040	87038417
z	5	166	0	23859036	3365699
z	6	8282	0	23859015	2064835677
c	200	222164	23859041
c	206	152	23844371
c	304	47148	23859029
c	404	8944	23859038
